0
112
0
5
0
153
0
52
0
182
0
40
0
170
0
38
0
13
0
258
0
278
0
18
0
249
0
5
0
161
0
12
0
141
0
104
0
76
1
241
1
129
1
70
1
265
1
252
1
78
1
111
1
15
1
159
1
83
1
158
1
180
1
280
1
150
1
62
1
48
1
177
1
125
1
145
1
282
1
202
1
91
1
245
1
279
2
250
2
222
2
58
2
97
2
193
2
244
2
215
2
103
2
144
2
42
2
187
2
56
2
181
2
111
2
122
2
124
2
199
2
128
2
16
2
22
3
294
3
106
3
157
3
66
3
71
3
264
3
117
3
165
3
204
3
250
3
175
3
142
3
19
3
30
3
164
3
287
3
69
3
6
3
247
3
255
4
66
4
125
4
227
4
45
4
280
4
44
4
228
4
109
4
233
4
239
4
286
4
222
4
59
4
176
4
40
4
201
4
229
4
191
4
244
4
187
4
8
4
191
5
42
5
213
5
133
5
205
5
249
5
176
5
116
5
119
5
129
5
146
5
0
5
162
5
92
5
4
5
299
5
219
5
175
5
121
5
119
5
77
5
193
6
4
6
212
6
170
6
280
6
284
6
117
6
92
6
290
6
296
6
228
6
156
6
247
6
1
6
110
6
223
6
273
6
60
7
255
7
197
7
221
7
12
7
58
7
8
7
206
7
241
7
185
7
211
7
122
7
53
7
77
7
198
7
222
7
189
8
243
8
236
8
179
8
7
8
204
8
220
8
138
8
290
8
235
8
225
8
120
8
180
8
153
8
131
8
36
8
2
8
208
8
228
8
26
8
132
9
59
9
217
9
38
9
36
9
62
9
246
9
66
9
186
9
69
9
120
9
3
9
233
9
160
9
48
9
239
9
93
9
242
9
256
9
285
9
128
9
184
